-0.773894659147 0
-0.758894659147 0
-0.555226544809 0
-0.541226544809 0
-0.518619761149 0
-0.419619761149 0
-0.418851450993 0
-0.336851450993 0
-0.274430029484 0
-0.208430029484 0
-0.274331931256 0
-0.208331931256 0
-0.171909201189 0
-0.117909201189 0
-0.114634937871 0
-0.0686349378711 0
-0.0648332239787 0
0.0581667760213 0
-0.0653284962899 0
0.0576715037101 0
-0.0656714318842 0
0.0573285681158 0
-0.0651961361626 0
0.0578038638374 0
0.1016415199 0
0.1136415199 0
0.157896047768 0
0.205896047768 0
0.209329601674 0
0.347329601674 0
0.20941762698 0
0.34641762698 0
0.208844343746 0
0.346844343746 0
0.419619793753 0
0.426619793753 0
0.523239941665 0
0.578239941665 0
